SIZES
  nstack                1835008
  nbuffer               255856
  nplugin               0
  maxuse_stack          757
  maxuse_arena          33928
  maxuse_con            12
  maxuse_efc            50
  solver_iter           4
  solver_nnz            144
  nbodypair_broad       32
  nbodypair_narrow      6
  ngeompair_mid         32
  ngeompair_narrow      6
  ne                    0
  nf                    0
  nefc                  29
  nnzJ                  348
  ncon                  6

TIMER
    0:  duration =  0.65       number = 8
    1:  duration =  0.65       number = 8
    2:  duration =  0          number = 0
    3:  duration =  0.59       number = 8
    4:  duration =  0.0068     number = 8
    5:  duration =  0          number = 0
    6:  duration =  0.0018     number = 8
    7:  duration =  0.043      number = 8
    8:  duration =  0.013      number = 8
    9:  duration =  0.0034     number = 8
    10:  duration =  0.55       number = 8
    11:  duration =  0.019      number = 8
    12:  duration =  0.0003     number = 8

SOLVER STAT
  solver_iter = 4
  solver_nnz = 144
    0:  improvement =  1.7e+06   gradient =  46        lineslope =  0       
        nactive = 23   nchange = 6   neval = 4   nupdate = 6
    1:  improvement =  9.2e+02   gradient =  51        lineslope =  1e-14   
        nactive = 24   nchange = 1   neval = 8   nupdate = 1
    2:  improvement =  1.1e+03   gradient =  28        lineslope =  0       
        nactive = 25   nchange = 1   neval = 5   nupdate = 1
    3:  improvement =  7.5e+02   gradient =  6.2e-13   lineslope =  0       
        nactive = 25   nchange = 0   neval = 2   nupdate = 0
solver_fwdinv =   0         0       

ENERGY =   0         0       

TIME =  53      

QPOS
   1.5     
   1.8     
  -0.014   
  -0.022   
   0.046   
   1.6     
   0.17    
   1.6     
   0.054   
   1.6     
   0.067   
   1.6     

QVEL
   0.018   
   0.00093 
   0.0023  
   0.0036  
   0.36    
  -0.54    
   0.001   
  -0.022   
   0.41    
  -0.68    
  -0.27    
   0.24    

QACC_WARMSTART
  -8e+02   
  -1.7     
  -1.6     
  -2       
   86      
  -91      
  -0.046   
  -24      
   3e+02   
  -3.4e+02 
  -74      
   1.2e+02 

QFRC_APPLIED
   0       
   0       
   0       
   0       
   0       
   0       
   0       
   0       
   0       
   0       
   0       
   0       

XFRC_APPLIED
   0         0         0         0         0         0       
   0         0         0         0         0         0       
   0         0         0         0         0         0       
   0         0         0         0         0         0       
   0         0         0         0         0         0       
   0         0         0         0         0         0       
   0         0         0         0         0         0       
   0         0         0         0         0         0       
   0         0         0         0         0         0       
   0         0         0         0         0         0       
   0         0         0         0         0         0       
   0         0         0         0         0         0       
   0         0         0         0         0         0       

QACC
  -8e+02   
  -1.7     
  -1.6     
  -2       
   86      
  -91      
  -0.046   
  -24      
   3e+02   
  -3.4e+02 
  -74      
   1.2e+02 

XPOS
   0         0         0       
   0.4       0.49      0.73    
   0.4       0.48      0.72    
   0.41      0.52      0.68    
   0.42      0.53      0.67    
   0.41      0.55      0.75    
   0.4       0.59      0.74    
   0.42      0.55      0.75    
   0.42      0.59      0.74    
   0.44      0.55      0.75    
   0.44      0.58      0.74    
   0.46      0.55      0.75    
   0.46      0.58      0.74    

XQUAT
   1         0         0         0       
   0.61      1.5e-06  -0.79     -1.1e-06 
   0.91     -0.4      -0.12     -0.052   
   0.9      -0.42     -0.12     -0.055   
   0.89     -0.44     -0.12     -0.057   
  -0.0017   -0.017     0.99      0.099   
   0.012    -0.013     0.75     -0.66    
  -3.7e-06   1.5e-07   1         0.042   
  -2.6e-06  -2.6e-06   0.71     -0.7     
   0.0026    0.026     0.99      0.098   
  -0.017     0.02      0.75     -0.66    
  -0.0048   -0.052    -0.99     -0.091   
   0.033    -0.04     -0.77      0.64    

XMAT
   1         0         0         0         1         0         0         0         1       
  -0.26     -1e-06    -0.97     -3.7e-06   1        -7.9e-08   0.97      3.6e-06  -0.26    
   0.97      0.19     -0.17      7.9e-08   0.68      0.74      0.26     -0.71      0.65    
   0.97      0.2      -0.16      7.9e-08   0.64      0.77      0.26     -0.75      0.61    
   0.97      0.2      -0.16      7.9e-08   0.61      0.79      0.26     -0.77      0.59    
  -1        -0.034    -0.0069   -0.035     0.98      0.2       7.3e-06   0.2      -0.98    
  -1        -0.0044    0.035    -0.035     0.13     -0.99      7.3e-06  -0.99     -0.13    
  -1         6.2e-07  -7.3e-06  -2e-13     1         0.084     7.3e-06   0.084    -1       
  -1        -7.3e-06  -8.5e-08  -2e-13     0.012    -1         7.3e-06  -1        -0.012   
  -1         0.051     0.01      0.052     0.98      0.19      7.3e-06   0.2      -0.98    
  -1         0.0066   -0.052     0.052     0.13     -0.99      7.3e-06  -0.99     -0.13    
  -0.99      0.1       0.019     0.1       0.98      0.18     -7.3e-06   0.18     -0.98    
  -0.99      0.02     -0.1       0.1       0.19     -0.98     -7.3e-06  -0.98     -0.19    

XIPOS
   0         0         0       
   0.4       0.48      0.73    
   0.41      0.49      0.7     
   0.42      0.52      0.67    
   0.42      0.54      0.66    
   0.4       0.57      0.75    
   0.39      0.59      0.73    
   0.41      0.57      0.75    
   0.41      0.58      0.72    
   0.43      0.57      0.75    
   0.44      0.59      0.73    
   0.45      0.56      0.75    
   0.46      0.58      0.73    

XIMAT
   1         0         0         0         1         0         0         0         1       
  -0.9       0.13     -0.42     -0.02     -0.97     -0.26     -0.44     -0.23      0.87    
   0.97     -0.19     -0.16     -0.0025    0.64     -0.77      0.25      0.75      0.62    
   0.97     -0.22     -0.13      0.00012   0.51     -0.86      0.26      0.83      0.5     
   0.97     -0.19     -0.17     -0.0041    0.64     -0.77      0.25      0.74      0.62    
  -1         0.00029   0.035    -0.035    -0.01     -1         7.3e-05  -1         0.01    
  -1         0.034    -0.007    -0.035    -0.98      0.2       5.9e-06   0.2       0.98    
  -1        -7.4e-05   1.5e-05  -5.2e-06  -0.12     -0.99      7.5e-05  -0.99      0.12    
  -1         0.00016   8.6e-08  -0.00015  -0.96      0.29      4.8e-05   0.29      0.96    
  -1        -0.00073  -0.052     0.052    -0.013    -1         6.7e-05  -1         0.013   
  -1        -0.051     0.01      0.052    -0.98      0.2       7.3e-06   0.2       0.98    
  -0.99     -0.0028   -0.1       0.1      -0.026    -0.99      5.6e-05  -1         0.026   
  -0.99     -0.11      0.021     0.11     -0.97      0.2      -0.0019    0.21      0.98    

XANCHOR
   0.4       0.49      0.73    
   0.4       0.48      0.72    
   0.41      0.52      0.68    
   0.42      0.53      0.67    
   0.41      0.55      0.75    
   0.4       0.59      0.74    
   0.42      0.55      0.75    
   0.42      0.59      0.74    
   0.44      0.55      0.75    
   0.44      0.58      0.74    
   0.46      0.55      0.75    
   0.46      0.58      0.74    

XAXIS
   1e-06    -1        -3.6e-06 
  -0.97     -7.9e-08  -0.26    
   0.97      7.9e-08   0.26    
   0.97      7.9e-08   0.26    
  -1        -0.035     7.3e-06 
  -1        -0.035     7.3e-06 
  -1        -2e-13     7.3e-06 
  -1        -2e-13     7.3e-06 
  -1         0.052     7.3e-06 
  -1         0.052     7.3e-06 
  -0.99      0.1      -7.3e-06 
  -0.99      0.1      -7.3e-06 

GEOM_XPOS
   0.42      0.48      0.75    
   0.4       0.48      0.73    
   0.41      0.49      0.7     
   0.42      0.52      0.68    
   0.42      0.54      0.66    
   0.4       0.57      0.75    
   0.39      0.59      0.73    
   0.41      0.57      0.75    
   0.41      0.58      0.72    
   0.43      0.57      0.75    
   0.44      0.59      0.73    
   0.45      0.56      0.75    
   0.46      0.58      0.73    

GEOM_XMAT
  -0.051    -1         0.018     0.025     0.017     1        -1         0.052     0.024   
  -0.89      0.16     -0.43     -0.03     -0.96     -0.29     -0.46     -0.24      0.85    
   0.97     -0.19     -0.18      0.00039   0.69     -0.72      0.26      0.7       0.67    
   0.97     -0.2      -0.16     -6e-05     0.61     -0.79      0.26      0.76      0.59    
   0.97     -0.2      -0.16      0.0018    0.64     -0.77      0.26      0.74      0.62    
  -1         0.0023    0.035    -0.035    -0.068    -1         6.6e-05  -1         0.068   
  -1         0.034    -0.0066   -0.035    -0.98      0.19     -5.7e-05   0.19      0.98    
  -1        -6.7e-05  -1.6e-05   2.8e-05  -0.18     -0.98      6.3e-05  -0.98      0.18    
  -1         0.00075   1.6e-06  -0.00072  -0.96      0.28      0.00021   0.28      0.96    
  -1        -0.0038   -0.052     0.052    -0.07     -1         6.5e-05  -1         0.071   
  -1        -0.052     0.0099    0.052    -0.98      0.19     -4.6e-05   0.19      0.98    
  -0.99     -0.0088   -0.1       0.1      -0.084    -0.99      5.1e-05  -1         0.084   
  -0.99     -0.1       0.02      0.1      -0.98      0.19     -7.9e-05   0.19      0.98    

SUBTREE_COM
   0.42      0.55      0.72    
   0.41      0.51      0.69    
   0.41      0.51      0.68    
   0.42      0.53      0.67    
   0.42      0.54      0.66    
   0.39      0.58      0.74    
   0.39      0.59      0.73    
   0.41      0.58      0.73    
   0.41      0.58      0.72    
   0.44      0.58      0.74    
   0.44      0.59      0.73    
   0.46      0.57      0.74    
   0.46      0.58      0.73    

CDOF
   1e-06    -1        -3.6e-06   0.043     3.8e-09   0.011   
  -0.97     -7.9e-08  -0.26      0.0075   -0.033    -0.028   
   0.97      7.9e-08   0.26      0.0029   -0.0052   -0.011   
   0.97      7.9e-08   0.26      0.0062   -0.024    -0.023   
  -1        -0.035     7.3e-06   0.00042  -0.012    -0.023   
  -1        -0.035     7.3e-06   0.00028  -0.0079    0.0093  
  -1        -2e-13     7.3e-06  -1.6e-07  -0.016    -0.022   
  -1        -2e-13     7.3e-06   7.1e-08  -0.0081    0.0096  
  -1         0.052     7.3e-06  -0.00063  -0.012    -0.023   
  -1         0.052     7.3e-06  -0.00041  -0.0079    0.0093  
  -0.99      0.1      -7.3e-06  -0.00098  -0.0093   -0.022   
  -0.99      0.1      -7.3e-06  -0.0005   -0.0048    0.01    

CINERT
   0         0         0         0         0         0         0         0         0         0       
   4.3e-06   3.1e-06   1.7e-06  -5.6e-07   7.9e-07   2e-06    -2e-05    -5.2e-05   7.3e-05   0.0019  
   5.1e-06   2.7e-06   3.1e-06  -5.1e-07   5.4e-07   1.9e-06  -2.3e-05  -8.9e-05   8.7e-05   0.0066  
   1.7e-06   1.1e-06   9.1e-07  -1.8e-07   2.3e-07   6.8e-07   1.5e-05   4.1e-05  -5.4e-05   0.0038  
   6.5e-06   3.7e-06   3.4e-06  -8.6e-07   9e-07     3.2e-06   2.8e-05   0.0001   -0.00011   0.0033  
   1.8e-06   8.9e-07   1.1e-06   3.3e-08  -2e-08     5.7e-07   1.6e-06  -4.5e-05   5.4e-05   0.0042  
   1.9e-06   1.4e-06   5.5e-07   1.7e-08  -1.4e-08   3.9e-07  -1.6e-06   4.5e-05  -5.4e-05   0.0046  
   2.1e-06   1.2e-06   1e-06     1.3e-11  -1.4e-11   6.7e-07   7e-10    -4.1e-05   6.4e-05   0.0042  
   2.1e-06   1.7e-06   5e-07     7.3e-12  -9.5e-12   2.7e-07  -7e-10     4.1e-05  -6.4e-05   0.005   
   1.9e-06   9e-07     1.1e-06  -5e-08     3e-08     5.8e-07  -2.4e-06  -4.5e-05   5.4e-05   0.0042  
   1.9e-06   1.4e-06   5.5e-07  -2.5e-08   2.1e-08   3.9e-07   2.4e-06   4.5e-05  -5.4e-05   0.0046  
   1.5e-06   6.3e-07   1e-06    -9e-08     4.3e-08   4.1e-07  -4.2e-06  -4e-05     4.2e-05   0.0042  
   1.4e-06   9.2e-07   5.3e-07  -4.9e-08   4.1e-08   3.9e-07   4.2e-06   4e-05    -4.2e-05   0.0036  

CRB
   0         0         0         0         0         0         0         0         0         0       
   1.8e-05   1.1e-05   9.2e-06  -2.1e-06   2.5e-06   7.8e-06   1e-20    -1.1e-18   1.9e-18   0.016   
   1.3e-05   7.5e-06   7.4e-06  -1.5e-06   1.7e-06   5.8e-06   2e-05     5.2e-05  -7.3e-05   0.014   
   8.2e-06   4.8e-06   4.3e-06  -1e-06     1.1e-06   3.9e-06   4.3e-05   0.00014  -0.00016   0.0071  
   6.5e-06   3.7e-06   3.4e-06  -8.6e-07   9e-07     3.2e-06   2.8e-05   0.0001   -0.00011   0.0033  
   3.7e-06   2.3e-06   1.7e-06   5e-08    -3.4e-08   9.7e-07  -1.6e-19   8.9e-19   4.2e-19   0.0088  
   1.9e-06   1.4e-06   5.5e-07   1.7e-08  -1.4e-08   3.9e-07  -1.6e-06   4.5e-05  -5.4e-05   0.0046  
   4.2e-06   2.9e-06   1.5e-06   2.1e-11  -2.3e-11   9.4e-07   5.9e-19   7.7e-19   6.4e-19   0.0093  
   2.1e-06   1.7e-06   5e-07     7.3e-12  -9.5e-12   2.7e-07  -7e-10     4.1e-05  -6.4e-05   0.005   
   3.7e-06   2.3e-06   1.7e-06  -7.5e-08   5.1e-08   9.7e-07   1.4e-19  -2.7e-19   2.7e-19   0.0088  
   1.9e-06   1.4e-06   5.5e-07  -2.5e-08   2.1e-08   3.9e-07   2.4e-06   4.5e-05  -5.4e-05   0.0046  
   2.9e-06   1.5e-06   1.6e-06  -1.4e-07   8.4e-08   8e-07     2.9e-19   3.4e-20   6.6e-19   0.0078  
   1.4e-06   9.2e-07   5.3e-07  -4.9e-08   4.1e-08   3.9e-07   4.2e-06   4e-05    -4.2e-05   0.0036  

QM
   4.2e-05   3.6e-09  -7.2e-11   6.7e-11   0         0         0         0         0         0         0         0       
   3.6e-09   4.9e-05  -1.2e-05  -3.3e-06   0         0         0         0         0         0         0         0       
  -7.2e-11  -1.2e-05   4.7e-06   1.4e-06   0         0         0         0         0         0         0         0       
   6.7e-11  -3.3e-06   1.4e-06   5.7e-07   0         0         0         0         0         0         0         0       
   0         0         0         0         9.5e-06   3e-06     0         0         0         0         0         0       
   0         0         0         0         3e-06     2.6e-06   0         0         0         0         0         0       
   0         0         0         0         0         0         1.1e-05   3.7e-06   0         0         0         0       
   0         0         0         0         0         0         3.7e-06   3.2e-06   0         0         0         0       
   0         0         0         0         0         0         0         0         9.5e-06   3e-06     0         0       
   0         0         0         0         0         0         0         0         3e-06     2.6e-06   0         0       
   0         0         0         0         0         0         0         0         0         0         7.2e-06   1.8e-06 
   0         0         0         0         0         0         0         0         0         0         1.8e-06   1.4e-06 

QLD
   4.2e-05   0.00019  -0.00016   0.00012   0         0         0         0         0         0         0         0       
   0.00019   1.7e-05  -3        -5.8       0         0         0         0         0         0         0         0       
  -0.00016  -3         1.4e-06   2.4       0         0         0         0         0         0         0         0       
   0.00012  -5.8       2.4       5.7e-07   0         0         0         0         0         0         0         0       
   0         0         0         0         5.9e-06   1.2       0         0         0         0         0         0       
   0         0         0         0         1.2       2.6e-06   0         0         0         0         0         0       
   0         0         0         0         0         0         6.4e-06   1.2       0         0         0         0       
   0         0         0         0         0         0         1.2       3.2e-06   0         0         0         0       
   0         0         0         0         0         0         0         0         5.9e-06   1.2       0         0       
   0         0         0         0         0         0         0         0         1.2       2.6e-06   0         0       
   0         0         0         0         0         0         0         0         0         0         4.9e-06   1.3     
   0         0         0         0         0         0         0         0         0         0         1.3       1.4e-06 

QLDIAGINV
   2.4e+04 
   5.8e+04 
   7e+05   
   1.8e+06 
   1.7e+05 
   3.9e+05 
   1.6e+05 
   3.1e+05 
   1.7e+05 
   3.9e+05 
   2e+05   
   7.1e+05 

QLDIAGSQRTINV
   1.5e+02 
   2.4e+02 
   8.4e+02 
   1.3e+03 
   4.1e+02 
   6.3e+02 
   3.9e+02 
   5.6e+02 
   4.1e+02 
   6.3e+02 
   4.5e+02 
   8.4e+02 

D_rownnz              4 4 4 4 2 2 2 2 2 2 2 2

D_rowadr              0 4 8 12 16 18 20 22 24 26 28 30

D_colind              0 1 2 3 0 1 2 3 0 1 2 3 0 1 2 3 4 5 4 5 6 7 6 7 8 9 8 9 10 11 10 11

B_rownnz              12 4 4 4 4 2 2 2 2 2 2 2 2

B_rowadr              0 12 16 20 24 28 30 32 34 36 38 40 42

B_colind              0 1 2 3 4 5 6 7 8 9 10 11 0 1 2 3 0 1 2 3 0 1 2 3 0 1 2 3 4 5 4 5 6 7 6 7 8 9 8 9 10 11 10 11

QDERIV
   0         0         0         0         0         0         0         0         0         0         0         0       
   0         0         0         0         0         0         0         0         0         0         0         0       
   0         0         0         0         0         0         0         0         0         0         0         0       
   0         0         0         0         0         0         0         0         0         0         0         0       
   0         0         0         0         0         0         0         0         0         0         0         0       
   0         0         0         0         0         0         0         0         0         0         0         0       
   0         0         0         0         0         0         0         0         0         0         0         0       
   0         0         0         0         0         0         0         0         0         0         0         0       
   0         0         0         0         0         0         0         0         0         0         0         0       
   0         0         0         0         0         0         0         0         0         0         0         0       
   0         0         0         0         0         0         0         0         0         0         0         0       
   0         0         0         0         0         0         0         0         0         0         0         0       

QLU
   0         0         0         0         0         0         0         0         0         0         0         0       
   0         0         0         0         0         0         0         0         0         0         0         0       
   0         0         0         0         0         0         0         0         0         0         0         0       
   0         0         0         0         0         0         0         0         0         0         0         0       
   0         0         0         0         0         0         0         0         0         0         0         0       
   0         0         0         0         0         0         0         0         0         0         0         0       
   0         0         0         0         0         0         0         0         0         0         0         0       
   0         0         0         0         0         0         0         0         0         0         0         0       
   0         0         0         0         0         0         0         0         0         0         0         0       
   0         0         0         0         0         0         0         0         0         0         0         0       
   0         0         0         0         0         0         0         0         0         0         0         0       
   0         0         0         0         0         0         0         0         0         0         0         0       

CONTACT
  0:
     dim           3
     geom          0 1
     exclude       0
     efc_address   5
     solref         0.02      1       
     solimp         0.9       0.95      0.001     0.5       2       
     dist          -0.0094  
     includemargin  0       
     pos            0.4       0.48      0.73    
     frame         -0.6      -0.0016   -0.8      -0.00099   1        -0.0013    0.8       0        -0.6     
     friction       1         1         0.005     0.0001    0.0001  
     mu             1       
  1:
     dim           3
     geom          0 2
     exclude       0
     efc_address   9
     solref         0.02      1       
     solimp         0.9       0.95      0.001     0.5       2       
     dist          -0.0019  
     includemargin  0       
     pos            0.41      0.48      0.73    
     frame         -0.18      0.04     -0.98      0.0072    1         0.039     0.98      8.7e-19  -0.18    
     friction       1         1         0.005     0.0001    0.0001  
     mu             1       
  2:
     dim           3
     geom          0 5
     exclude       0
     efc_address   13
     solref         0.02      1       
     solimp         0.9       0.95      0.001     0.5       2       
     dist          -0.014   
     includemargin  0       
     pos            0.4       0.55      0.75    
     frame         -0.035     1        -3.3e-05  -1.1e-06   3.3e-05   1         1         0.035     0       
     friction       1         1         0.005     0.0001    0.0001  
     mu             1       
  3:
     dim           3
     geom          0 7
     exclude       0
     efc_address   17
     solref         0.02      1       
     solimp         0.9       0.95      0.001     0.5       2       
     dist          -0.014   
     includemargin  0       
     pos            0.41      0.55      0.75    
     frame          7.9e-08   1        -0.0017    1.4e-10   0.0017    1         1        -7.9e-08   2.6e-26 
     friction       1         1         0.005     0.0001    0.0001  
     mu             1       
  4:
     dim           3
     geom          0 9
     exclude       0
     efc_address   21
     solref         0.02      1       
     solimp         0.9       0.95      0.001     0.5       2       
     dist          -0.014   
     includemargin  0       
     pos            0.43      0.55      0.75    
     frame          0.052     1        -0.00099   5.2e-05   0.00099   1         1        -0.052     0       
     friction       1         1         0.005     0.0001    0.0001  
     mu             1       
  5:
     dim           3
     geom          0 11
     exclude       0
     efc_address   25
     solref         0.02      1       
     solimp         0.9       0.95      0.001     0.5       2       
     dist          -0.014   
     includemargin  0       
     pos            0.45      0.55      0.75    
     frame          0.11      0.99     -0.00086   9.1e-05   0.00086   1         0.99     -0.11      0       
     friction       1         1         0.005     0.0001    0.0001  
     mu             1       

EFC_TYPE
  3
  3
  3
  3
  3
  6
  6
  6
  6
  6
  6
  6
  6
  6
  6
  6
  6
  6
  6
  6
  6
  6
  6
  6
  6
  6
  6
  6
  6

EFC_ID
  0
  1
  2
  3
  9
  0
  0
  0
  0
  1
  1
  1
  1
  2
  2
  2
  2
  3
  3
  3
  3
  4
  4
  4
  4
  5
  5
  5
  5

EFC_J
  -1         0         0         0         0         0         0         0         0         0         0         0       
   0        -1         0         0         0         0         0         0         0         0         0         0       
   0         0         1         0         0         0         0         0         0         0         0         0       
   0         0         0         1         0         0         0         0         0         0         0         0       
   0         0         0         0         0         0         0         0         0        -1         0         0       
  -0.00012   0         0         0         0         0         0         0         0         0         0         0       
  -0.00012   0         0         0         0         0         0         0         0         0         0         0       
  -0.003     0         0         0         0         0         0         0         0         0         0         0       
   0.0028    0         0         0         0         0         0         0         0         0         0         0       
  -0.011     0.0028    0         0         0         0         0         0         0         0         0         0       
  -0.012    -0.0026    0         0         0         0         0         0         0         0         0         0       
  -0.0071    0.00011   0         0         0         0         0         0         0         0         0         0       
  -0.016     0.00011   0         0         0         0         0         0         0         0         0         0       
   0         0         0         0         0.0066    0         0         0         0         0         0         0       
   0         0         0         0        -0.0066    0         0         0         0         0         0         0       
   0         0         0         0         2.8e-05   0         0         0         0         0         0         0       
   0         0         0         0         2.8e-05   0         0         0         0         0         0         0       
   0         0         0         0         0         0         0.0065    0         0         0         0         0       
   0         0         0         0         0         0        -0.0066    0         0         0         0         0       
   0         0         0         0         0         0        -4.7e-05   0         0         0         0         0       
   0         0         0         0         0         0        -4.7e-05   0         0         0         0         0       
   0         0         0         0         0         0         0         0         0.0067    0         0         0       
   0         0         0         0         0         0         0         0        -0.0064    0         0         0       
   0         0         0         0         0         0         0         0         0.00016   0         0         0       
   0         0         0         0         0         0         0         0         0.00016   0         0         0       
   0         0         0         0         0         0         0         0         0         0         0.0065    0       
   0         0         0         0         0         0         0         0         0         0        -0.0067    0       
   0         0         0         0         0         0         0         0         0         0        -0.0001    0       
   0         0         0         0         0         0         0         0         0         0        -0.0001    0       

EFC_POS
  -0.25    
  -0.0057  
  -0.014   
  -0.022   
  -6.7e-05 
  -0.0094  
  -0.0094  
  -0.0094  
  -0.0094  
  -0.0019  
  -0.0019  
  -0.0019  
  -0.0019  
  -0.014   
  -0.014   
  -0.014   
  -0.014   
  -0.014   
  -0.014   
  -0.014   
  -0.014   
  -0.014   
  -0.014   
  -0.014   
  -0.014   
  -0.014   
  -0.014   
  -0.014   
  -0.014   

EFC_MARGIN
   0       
   0       
   0       
   0       
   0       
   0       
   0       
   0       
   0       
   0       
   0       
   0       
   0       
   0       
   0       
   0       
   0       
   0       
   0       
   0       
   0       
   0       
   0       
   0       
   0       
   0       
   0       
   0       
   0       

EFC_FRICTIONLOSS
   0       
   0       
   0       
   0       
   0       
   0       
   0       
   0       
   0       
   0       
   0       
   0       
   0       
   0       
   0       
   0       
   0       
   0       
   0       
   0       
   0       
   0       
   0       
   0       
   0       
   0       
   0       
   0       
   0       

EFC_DIAGAPPROX
   4.6e+04 
   5.8e+04 
   1.2e+06 
   5.9e+06 
   2e+06   
   1.5     
   1.5     
   1.5     
   1.5     
   54      
   54      
   54      
   54      
   67      
   67      
   67      
   67      
   64      
   64      
   64      
   64      
   67      
   67      
   67      
   67      
   74      
   74      
   74      
   74      

EFC_KBIP
   2.8e+03   1.1e+02   0.95      0       
   2.8e+03   1.1e+02   0.95      0       
   2.8e+03   1.1e+02   0.95      0       
   2.8e+03   1.1e+02   0.95      0       
   2.8e+03   1.1e+02   0.9      -13      
   2.8e+03   1.1e+02   0.95      0       
   2.8e+03   1.1e+02   0.95      0       
   2.8e+03   1.1e+02   0.95      0       
   2.8e+03   1.1e+02   0.95      0       
   2.8e+03   1.1e+02   0.95      0       
   2.8e+03   1.1e+02   0.95      0       
   2.8e+03   1.1e+02   0.95      0       
   2.8e+03   1.1e+02   0.95      0       
   2.8e+03   1.1e+02   0.95      0       
   2.8e+03   1.1e+02   0.95      0       
   2.8e+03   1.1e+02   0.95      0       
   2.8e+03   1.1e+02   0.95      0       
   2.8e+03   1.1e+02   0.95      0       
   2.8e+03   1.1e+02   0.95      0       
   2.8e+03   1.1e+02   0.95      0       
   2.8e+03   1.1e+02   0.95      0       
   2.8e+03   1.1e+02   0.95      0       
   2.8e+03   1.1e+02   0.95      0       
   2.8e+03   1.1e+02   0.95      0       
   2.8e+03   1.1e+02   0.95      0       
   2.8e+03   1.1e+02   0.95      0       
   2.8e+03   1.1e+02   0.95      0       
   2.8e+03   1.1e+02   0.95      0       
   2.8e+03   1.1e+02   0.95      0       

EFC_D
   0.00042 
   0.00033 
   1.6e-05 
   3.2e-06 
   4.6e-06 
   13      
   13      
   13      
   13      
   0.35    
   0.35    
   0.35    
   0.35    
   0.28    
   0.28    
   0.28    
   0.28    
   0.3     
   0.3     
   0.3     
   0.3     
   0.28    
   0.28    
   0.28    
   0.28    
   0.26    
   0.26    
   0.26    
   0.26    

EFC_R
   2.4e+03 
   3.1e+03 
   6.4e+04 
   3.1e+05 
   2.2e+05 
   0.077   
   0.077   
   0.077   
   0.077   
   2.9     
   2.9     
   2.9     
   2.9     
   3.5     
   3.5     
   3.5     
   3.5     
   3.4     
   3.4     
   3.4     
   3.4     
   3.5     
   3.5     
   3.5     
   3.5     
   3.9     
   3.9     
   3.9     
   3.9     

CVEL
   0         0         0         0         0         0       
   1.7e-06  -1.6      -5.8e-06   0.07      6.2e-09   0.019   
  -0.0042   -1.6      -0.0011    0.07     -0.00014   0.018   
   0.0011   -1.6       0.00028   0.07     -0.00017   0.018   
   0.0085   -1.6       0.0023    0.07     -0.00036   0.018   
  -0.19     -0.0065    1.4e-06   7.8e-05  -0.0022   -0.0042  
   0.17      0.0058   -1.2e-06  -2e-05     0.00056  -0.0075  
  -0.0011   -2.2e-16   8.3e-09  -1.8e-10  -1.8e-05  -2.4e-05 
  -0.027    -5.3e-15   2e-07     1.7e-09  -0.00023   0.00023 
   0.19     -0.0099   -1.4e-06   0.00012   0.0023    0.0043  
   0.18     -0.0094   -1.3e-06   0.00012   0.0022    0.0043  
   0.12     -0.013     8.9e-07   0.00012   0.0011    0.0026  
   0.11     -0.012     8.3e-07   0.00012   0.0011    0.0027  

CDOF_DOT
   0         0        -0         0         0         0       
   0.42      6e-06    -1.6       0.046     0.00011   0.012   
  -0.42     -6e-06     1.6       0.018    -0.00029   0.0048  
  -0.42     -6e-06     1.6       0.038    -0.00027   0.01    
   0        -0         0         0         0         0       
   2.8e-21  -8e-20     1.7e-18  -0.00021   0.006    -0.00076 
   0        -0         0         0         0         0       
  -1.1e-30   1.7e-24  -1.6e-25  -6.3e-11   3.5e-05  -8.6e-06 
   0        -0         0         0         0         0       
  -1.3e-23   0        -1.7e-18  -0.00031  -0.006     0.00078 
  -0         0         0         0         0         0       
  -2.2e-20  -2.1e-19  -1.7e-18  -0.00041  -0.0039    0.00056 

QFRC_BIAS
   0.0018  
  -0.0044  
   0.00059 
   0.00019 
  -0.002   
  -2.4e-05 
  -0.002   
   7.7e-05 
  -0.002   
  -2.4e-05 
  -0.0017  
  -3.2e-05 

QFRC_PASSIVE
   0       
   0       
   0       
   0       
   0       
   0       
   0       
   0       
   0       
   0       
   0       
   0       

EFC_VEL
  -1.6     
  -0.0043  
   0.0054  
   0.0077  
  -0.008   
  -0.0002  
  -0.0002  
  -0.0049  
   0.0045  
  -0.018   
  -0.019   
  -0.011   
  -0.026   
   0.0012  
  -0.0012  
   5.3e-06 
   5.3e-06 
   7.3e-06 
  -7.5e-06 
  -5.2e-08 
  -5.3e-08 
  -0.0013  
   0.0012  
  -3e-05   
  -3e-05   
  -0.00079 
   0.00082 
   1.3e-05 
   1.3e-05 

EFC_AREF
   8.2e+02 
   15      
   37      
   58      
   1       
   25      
   25      
   25      
   24      
   7       
   7.2     
   6.3     
   7.8     
   37      
   37      
   37      
   37      
   37      
   37      
   37      
   37      
   37      
   37      
   37      
   37      
   37      
   37      
   37      
   37      

SUBTREE_LINVEL
   0         0         0       
   0         0         0       
   0         0         0       
   0         0         0       
   0         0         0       
   0         0         0       
   0         0         0       
   0         0         0       
   0         0         0       
   0         0         0       
   0         0         0       
   0         0         0       
   0         0         0       

SUBTREE_ANGMOM
   0         0         0       
   0         0         0       
   0         0         0       
   0         0         0       
   0         0         0       
   0         0         0       
   0         0         0       
   0         0         0       
   0         0         0       
   0         0         0       
   0         0         0       
   0         0         0       
   0         0         0       

QFRC_ACTUATOR
   0       
   0       
   0       
   0       
   0       
   0       
   0       
   0       
   0       
   0       
   0       
   0       

QFRC_SMOOTH
  -0.0018  
   0.0044  
  -0.00059 
  -0.00019 
   0.002   
   2.4e-05 
   0.002   
  -7.7e-05 
   0.002   
   2.4e-05 
   0.0017  
   3.2e-05 

QACC_SMOOTH
  -42      
   1.7e+02 
   4e+02   
  -3.4e+02 
   3.2e+02 
  -3.7e+02 
   3.2e+02 
  -4e+02   
   3.2e+02 
  -3.7e+02 
   3.3e+02 
  -3.9e+02 

EFC_B
  -7.8e+02 
  -1.8e+02 
   3.7e+02 
  -4e+02   
   3.7e+02 
  -25      
  -25      
  -25      
  -24      
  -6.1     
  -7.1     
  -6       
  -7.1     
  -35      
  -39      
  -37      
  -37      
  -35      
  -39      
  -37      
  -37      
  -35      
  -39      
  -37      
  -37      
  -35      
  -39      
  -37      
  -37      

EFC_FORCE
   0.0086  
   0.0045  
   0.0006  
   0.00019 
   0       
   3.2e+02 
   3.2e+02 
   3e+02   
   3.4e+02 
   0       
   0       
   0.23    
   0       
   10      
   11      
   10      
   10      
   11      
   11      
   11      
   11      
   9.9     
   11      
   10      
   10      
   9.7     
   9.4     
   9.5     
   9.5     

EFC_STATE
  1
  1
  1
  1
  0
  1
  1
  1
  1
  0
  0
  1
  0
  1
  1
  1
  1
  1
  1
  1
  1
  1
  1
  1
  1
  1
  1
  1
  1

QFRC_CONSTRAINT
  -0.032   
  -0.0045  
   0.0006  
   0.00019 
  -0.0014  
   0       
  -0.0021  
   0       
  -0.00015 
   0       
  -0.002   
   0       

QFRC_INVERSE
   0       
   0       
   0       
   0       
   0       
   0       
   0       
   0       
   0       
   0       
   0       
   0       

CACC
   0         0         0         0         0         0       
   0         0         0         0         0         0       
   0         0         0         0         0         0       
   0         0         0         0         0         0       
   0         0         0         0         0         0       
   0         0         0         0         0         0       
   0         0         0         0         0         0       
   0         0         0         0         0         0       
   0         0         0         0         0         0       
   0         0         0         0         0         0       
   0         0         0         0         0         0       
   0         0         0         0         0         0       
   0         0         0         0         0         0       

CFRC_INT
   0         0         0         0         0         0       
   0         0         0         0         0         0       
   0         0         0         0         0         0       
   0         0         0         0         0         0       
   0         0         0         0         0         0       
   0         0         0         0         0         0       
   0         0         0         0         0         0       
   0         0         0         0         0         0       
   0         0         0         0         0         0       
   0         0         0         0         0         0       
   0         0         0         0         0         0       
   0         0         0         0         0         0       
   0         0         0         0         0         0       

CFRC_EXT
   0         0         0         0         0         0       
   0         0         0         0         0         0       
   0         0         0         0         0         0       
   0         0         0         0         0         0       
   0         0         0         0         0         0       
   0         0         0         0         0         0       
   0         0         0         0         0         0       
   0         0         0         0         0         0       
   0         0         0         0         0         0       
   0         0         0         0         0         0       
   0         0         0         0         0         0       
   0         0         0         0         0         0       
   0         0         0         0         0         0       

